Level	Height	Width	Mines	Time	3BV	Solved	3BV/sec	Est	Left	Middle	Right	Date	Started
Beg	8	8	10	17,00	15	15	0,88	17,00	17	0	10	mars 15 2022	09:02:58 AM
Beg	8	8	10	25,23	17	17	0,67	25,23	20	0	8	mars 17 2022	08:35:54 AM
Beg	8	8	10	1,22	13	2	1,64	7,93	5	0	0	mars 17 2022	08:37:56 AM
Beg	8	8	10	21,01	16	13	0,62	25,86	21	0	8	mars 17 2022	08:37:59 AM
Beg	8	8	10	1,87	22	3	1,60	13,71	7	0	0	mars 17 2022	08:38:22 AM
Beg	8	8	10	1,58	22	3	1,90	11,59	6	0	0	mars 17 2022	08:38:25 AM
Beg	8	8	10	12,85	5	4	0,31	16,06	6	0	6	mars 17 2022	08:38:35 AM
Beg	8	8	10	0,95	17	1	1,05	16,15	3	0	0	mars 17 2022	08:38:52 AM
Beg	8	8	10	14,23	10	4	0,28	35,58	7	0	5	mars 17 2022	08:38:59 AM
Beg	8	8	10	1,79	19	3	1,68	11,34	6	0	0	mars 17 2022	08:39:15 AM
Beg	8	8	10	0,86	22	1	1,16	18,92	2	0	0	mars 17 2022	08:39:18 AM
Beg	8	8	10	7,24	15	6	0,83	18,10	9	0	3	mars 17 2022	08:39:20 AM
Beg	8	8	10	10,77	20	5	0,46	43,08	11	0	5	mars 17 2022	08:39:29 AM
Beg	8	8	10	9,32	18	5	0,54	33,55	9	0	4	mars 17 2022	08:39:41 AM
Beg	8	8	10	9,56	14	4	0,42	33,46	6	1	6	mars 17 2022	08:39:52 AM
Beg	8	8	10	0,15	13	0	0,00	0,00	2	0	0	mars 17 2022	08:40:03 AM
Beg	8	8	10	0,18	16	0	0,00	0,00	2	0	0	mars 17 2022	08:40:05 AM
Beg	8	8	10	0,94	20	2	2,13	9,40	4	0	0	mars 17 2022	08:40:06 AM
Beg	8	8	10	4,51	9	1	0,22	40,59	9	0	1	mars 17 2022	08:40:09 AM
Beg	8	8	10	12,70	22	8	0,63	34,93	13	0	5	mars 17 2022	08:40:15 AM
Beg	8	8	10	5,25	11	4	0,76	14,44	5	1	3	mars 17 2022	08:41:07 AM
Beg	8	8	10	24,50	7	7	0,29	24,50	18	0	9	mars 17 2022	08:41:14 AM
Beg	8	8	10	14,91	11	9	0,60	18,22	12	0	6	mars 17 2022	08:55:42 AM
Beg	8	8	10	0,32	23	1	3,13	7,36	2	0	0	mars 17 2022	08:55:58 AM
Beg	8	8	10	15,76	17	11	0,70	24,36	17	0	7	mars 17 2022	08:55:59 AM
Beg	8	8	10	17,83	16	16	0,90	17,83	20	0	7	mars 17 2022	08:56:16 AM
Beg	8	8	10	1,58	18	3	1,90	9,48	5	0	0	mars 17 2022	08:57:14 AM
Beg	8	8	10	0,47	19	0	0,00	0,00	2	0	0	mars 17 2022	08:57:17 AM
Beg	8	8	10	1,47	12	1	0,68	17,64	2	0	0	mars 17 2022	09:12:17 AM
Beg	8	8	10	3,23	18	1	0,31	58,14	2	0	1	mars 17 2022	09:12:20 AM
Beg	8	8	10	2,20	15	2	0,91	16,50	3	0	1	mars 17 2022	09:12:24 AM
Beg	8	8	10	24,47	14	13	0,53	26,35	16	0	10	mars 17 2022	09:12:27 AM
Beg	8	8	10	10,95	12	9	0,82	14,60	13	0	6	mars 17 2022	09:13:00 AM
Beg	8	8	10	2,20	12	1	0,45	26,40	4	0	0	mars 17 2022	09:13:12 AM
Beg	8	8	10	2,84	14	1	0,35	39,76	3	0	2	mars 17 2022	09:13:16 AM
Beg	8	8	10	0,93	17	1	1,08	15,81	2	0	0	mars 17 2022	09:13:37 AM
Beg	8	8	10	12,68	20	15	1,18	16,91	18	0	4	mars 17 2022	09:13:40 AM
Beg	8	8	10	0,93	10	0	0,00	0,00	3	0	0	mars 17 2022	09:14:00 AM
Beg	8	8	10	0,31	18	1	3,23	5,58	2	0	0	mars 17 2022	09:14:03 AM
Beg	8	8	10	5,17	21	5	0,97	21,71	7	0	4	mars 17 2022	09:14:04 AM
Beg	8	8	10	9,08	19	10	1,10	17,25	15	0	3	mars 17 2022	09:14:12 AM
Int	16	16	40	2,26	66	2	0,88	74,58	6	0	0	mars 17 2022	09:25:19 AM
Int	16	16	40	0,95	81	1	1,05	76,95	3	0	0	mars 17 2022	09:25:22 AM
Int	16	16	40	0,74	82	2	2,70	30,34	3	0	0	mars 17 2022	09:25:25 AM
Int	16	16	40	1,11	93	2	1,80	51,62	4	0	0	mars 17 2022	09:25:27 AM
Int	16	16	40	0,89	67	0	0,00	0,00	4	0	0	mars 17 2022	09:25:29 AM
Int	16	16	40	2,53	53	2	0,79	67,05	5	0	0	mars 17 2022	09:25:32 AM
Int	16	16	40	0,33	66	1	3,03	21,78	2	0	0	mars 17 2022	09:25:36 AM
Int	16	16	40	20,43	83	11	0,54	154,15	18	0	8	mars 17 2022	09:25:37 AM
Int	16	16	40	0,30	69	1	3,33	20,70	2	0	0	mars 17 2022	09:26:00 AM
Int	16	16	40	0,31	67	1	3,23	20,77	2	0	0	mars 17 2022	09:26:02 AM
Int	16	16	40	2,04	75	3	1,47	51,00	6	0	0	mars 17 2022	09:26:04 AM
Int	16	16	40	0,84	48	1	1,19	40,32	2	0	0	mars 17 2022	09:26:07 AM
Int	16	16	40	2,70	90	2	0,74	121,50	7	0	0	mars 17 2022	09:26:09 AM
Int	16	16	40	10,51	72	3	0,29	252,24	12	2	0	mars 17 2022	09:26:13 AM
Int	16	16	40	1,73	46	3	1,73	26,53	6	0	0	mars 17 2022	09:26:25 AM
Int	16	16	40	3,09	88	6	1,94	45,32	9	0	0	mars 17 2022	09:26:28 AM
Int	16	16	40	29,07	62	14	0,48	128,74	30	0	8	mars 17 2022	09:26:32 AM
Int	16	16	40	0,58	68	0	0,00	0,00	3	0	0	mars 17 2022	09:27:03 AM
Int	16	16	40	0,27	81	1	3,70	21,87	2	0	0	mars 17 2022	09:27:05 AM
Int	16	16	40	3,70	59	3	0,81	72,77	11	0	0	mars 17 2022	09:27:07 AM
Int	16	16	40	1,71	70	3	1,75	39,90	6	0	0	mars 17 2022	09:27:12 AM
Int	16	16	40	38,20	56	19	0,50	112,59	23	1	17	mars 17 2022	09:27:16 AM
Int	16	16	40	13,39	65	6	0,45	145,06	9	2	4	mars 17 2022	09:27:56 AM
Int	16	16	40	21,92	33	9	0,41	80,37	14	0	8	mars 17 2022	09:28:10 AM
Int	16	16	40	24,95	75	8	0,32	233,91	20	0	8	mars 17 2022	09:28:34 AM
Int	16	16	40	18,05	83	8	0,44	187,27	16	0	4	mars 17 2022	09:29:01 AM
Int	16	16	40	1,64	70	3	1,83	38,27	6	0	0	mars 17 2022	09:29:23 AM
Int	16	16	40	2,49	69	2	0,80	85,91	8	0	0	mars 17 2022	09:29:26 AM
Int	16	16	40	9,16	63	6	0,66	96,18	8	0	4	mars 17 2022	09:29:30 AM
Int	16	16	40	0,31	71	0	0,00	0,00	2	0	0	mars 17 2022	09:29:41 AM
Int	16	16	40	26,80	73	14	0,52	139,74	15	0	12	mars 17 2022	09:29:43 AM
Int	16	16	40	10,84	67	3	0,28	242,09	8	1	5	mars 17 2022	09:30:12 AM
Int	16	16	40	0,47	61	0	0,00	0,00	2	0	0	mars 17 2022	09:30:24 AM
Int	16	16	40	0,35	61	0	0,00	0,00	2	0	0	mars 17 2022	09:30:26 AM
Int	16	16	40	1,11	58	0	0,00	0,00	4	0	0	mars 17 2022	09:30:28 AM
Int	16	16	40	10,07	75	9	0,89	83,92	13	0	2	mars 17 2022	09:30:32 AM
Int	16	16	40	158,65	65	58	0,37	177,80	84	0	36	mars 17 2022	09:30:44 AM
Int	16	16	40	1,39	54	1	0,72	75,06	3	0	0	mars 17 2022	09:33:30 AM
Int	16	16	40	1,51	62	2	1,32	46,81	5	0	0	mars 17 2022	09:33:33 AM
Int	16	16	40	5,27	48	2	0,38	126,48	3	0	4	mars 17 2022	09:33:37 AM
Int	16	16	40	10,17	51	6	0,59	86,45	7	0	5	mars 17 2022	09:33:44 AM
Int	16	16	40	59,49	82	32	0,54	152,44	52	1	18	mars 17 2022	09:33:55 AM
Int	16	16	40	1,78	60	2	1,12	53,40	7	0	0	mars 17 2022	09:34:57 AM
Int	16	16	40	0,27	66	0	0,00	0,00	2	0	0	mars 17 2022	09:35:00 AM
Int	16	16	40	0,24	72	0	0,00	0,00	2	0	0	mars 17 2022	09:35:01 AM
Int	16	16	40	0,26	56	0	0,00	0,00	2	0	0	mars 17 2022	09:35:03 AM
Int	16	16	40	13,42	66	6	0,45	147,62	9	1	4	mars 17 2022	09:35:05 AM
Int	16	16	40	31,91	65	13	0,41	159,55	18	0	11	mars 17 2022	09:35:19 AM
Int	16	16	40	0,65	66	1	1,54	42,90	3	0	0	mars 17 2022	09:35:53 AM
Int	16	16	40	0,48	62	0	0,00	0,00	3	0	0	mars 17 2022	09:35:56 AM
Int	16	16	40	0,84	94	2	2,38	39,48	4	0	0	mars 17 2022	09:35:58 AM
Int	16	16	40	0,23	52	1	4,35	11,96	2	0	0	mars 17 2022	09:36:00 AM
Int	16	16	40	0,23	65	1	4,35	14,95	2	0	0	mars 17 2022	09:36:02 AM
Int	16	16	40	1,33	50	0	0,00	0,00	5	0	0	mars 17 2022	09:36:07 AM
Int	16	16	40	32,72	59	17	0,52	113,56	21	0	12	mars 17 2022	09:36:10 AM
Int	16	16	40	5,33	54	3	0,56	95,94	8	0	3	mars 17 2022	09:36:44 AM
Int	16	16	40	1,96	65	3	1,53	42,47	5	0	0	mars 17 2022	09:36:51 AM
Int	16	16	40	1,99	59	3	1,51	39,14	5	0	0	mars 17 2022	09:36:54 AM
Int	16	16	40	0,55	61	0	0,00	0,00	3	0	0	mars 17 2022	09:36:57 AM
Int	16	16	40	1,47	59	3	2,04	28,91	6	0	0	mars 17 2022	09:37:00 AM
Int	16	16	40	46,52	83	31	0,67	124,55	35	0	16	mars 17 2022	09:37:21 AM
Int	16	16	40	3,07	81	2	0,65	124,34	5	0	0	mars 17 2022	09:38:09 AM
Int	16	16	40	62,19	50	24	0,39	129,56	31	1	26	mars 17 2022	09:38:19 AM
Exp	16	30	99	0,54	164	0	0,00	0,00	2	0	0	mars 17 2022	10:12:18 AM
Exp	16	30	99	4,55	189	6	1,32	143,33	9	0	0	mars 17 2022	10:12:22 AM
Exp	16	30	99	5,15	187	6	1,17	160,51	15	0	0	mars 17 2022	10:12:28 AM
Exp	16	30	99	2,30	182	3	1,30	139,53	4	3	0	mars 17 2022	10:12:35 AM
Exp	16	30	99	0,38	170	2	5,26	32,30	3	0	0	mars 17 2022	10:12:39 AM
Exp	16	30	99	4,41	212	5	1,13	186,98	7	0	1	mars 17 2022	10:12:41 AM
Exp	16	30	99	0,38	187	0	0,00	0,00	2	0	0	mars 17 2022	10:12:47 AM
Exp	16	30	99	2,39	153	4	1,67	91,42	8	0	0	mars 17 2022	10:12:51 AM
Exp	16	30	99	1,00	199	2	2,00	99,50	4	0	0	mars 17 2022	10:12:55 AM
Exp	16	30	99	39,14	159	21	0,54	296,35	33	0	17	mars 17 2022	10:12:57 AM
Cus	16	16	16	6,64	13	4	0,60	21,58	5	0	3	mars 17 2022	10:13:57 AM
Cus	16	16	16	6,35	19	6	0,94	20,11	8	0	4	mars 17 2022	10:14:05 AM
Cus	16	16	16	4,96	25	3	0,60	41,33	4	0	4	mars 17 2022	10:14:13 AM
Cus	16	16	16	15,07	10	10	0,66	15,07	10	0	14	mars 17 2022	10:14:19 AM
Beg	8	8	10	1,07	18	1	0,93	19,26	2	0	0	mars 17 2022	10:15:04 AM
Beg	8	8	10	6,11	12	2	0,33	36,66	3	0	4	mars 17 2022	10:15:07 AM
Beg	8	8	10	2,63	24	3	1,14	21,04	6	0	0	mars 17 2022	10:15:14 AM
Beg	8	8	10	0,72	19	0	0,00	0,00	3	0	0	mars 17 2022	10:15:18 AM
Beg	8	8	10	2,88	15	3	1,04	14,40	5	0	2	mars 17 2022	10:15:20 AM
Beg	8	8	10	5,98	21	3	0,50	41,86	5	1	3	mars 17 2022	10:15:24 AM
Beg	8	8	10	44,09	37	25	0,57	65,25	30	0	6	mars 17 2022	10:15:31 AM
Beg	8	8	10	0,38	28	1	2,63	10,64	2	0	0	mars 17 2022	10:16:20 AM
Beg	8	8	10	0,25	27	1	4,00	6,75	2	0	0	mars 17 2022	10:16:21 AM
Beg	8	8	10	0,23	23	1	4,35	5,29	2	0	0	mars 17 2022	10:16:23 AM
Beg	8	8	10	4,23	16	3	0,71	22,56	6	0	2	mars 17 2022	10:16:25 AM
Beg	8	8	10	3,85	12	3	0,78	15,40	5	0	3	mars 17 2022	10:16:31 AM
Beg	8	8	10	5,21	14	6	1,15	12,16	7	0	2	mars 17 2022	10:16:36 AM
Beg	8	8	10	10,62	16	7	0,66	24,27	17	1	4	mars 17 2022	10:16:49 AM
Beg	8	8	10	0,29	22	1	3,45	6,38	2	0	0	mars 17 2022	10:17:01 AM
Beg	8	8	10	10,71	7	4	0,37	18,74	6	0	9	mars 17 2022	10:17:02 AM
Beg	8	8	10	21,71	15	14	0,64	23,26	21	1	12	mars 17 2022	10:17:19 AM
Beg	8	8	10	4,70	27	5	1,06	25,38	9	0	5	mars 17 2022	10:18:02 AM
Beg	8	8	10	1,90	17	4	2,11	8,08	7	0	0	mars 17 2022	10:18:08 AM
Beg	8	8	10	8,72	14	6	0,69	20,35	13	0	3	mars 17 2022	10:18:11 AM
Int	16	16	40	1,70	65	3	1,76	36,83	4	0	0	mars 17 2022	10:27:25 AM
Int	16	16	40	1,40	69	1	0,71	96,60	5	0	0	mars 17 2022	10:27:28 AM
Int	16	16	40	0,35	70	0	0,00	0,00	2	0	0	mars 17 2022	10:27:31 AM
Int	16	16	40	2,20	81	1	0,45	178,20	6	0	0	mars 17 2022	10:27:33 AM
Int	16	16	40	4,58	78	2	0,44	178,62	7	0	1	mars 17 2022	10:27:36 AM
Int	16	16	40	4,91	87	4	0,81	106,79	9	0	2	mars 17 2022	10:27:42 AM
Int	16	16	40	1,50	74	1	0,67	111,00	3	0	0	mars 17 2022	10:27:48 AM
Int	16	16	40	22,80	56	12	0,53	106,40	19	0	9	mars 17 2022	10:27:51 AM
Int	16	16	40	3,89	72	1	0,26	280,08	9	1	0	mars 17 2022	10:28:16 AM
Int	16	16	40	46,42	90	21	0,45	198,94	24	18	7	mars 17 2022	10:28:21 AM
Int	16	16	40	0,33	49	0	0,00	0,00	2	0	0	mars 17 2022	10:29:11 AM
Int	16	16	40	0,29	52	0	0,00	0,00	2	0	0	mars 17 2022	10:29:13 AM
Int	16	16	40	0,33	70	0	0,00	0,00	2	0	0	mars 17 2022	10:29:14 AM
Int	16	16	40	1,04	60	0	0,00	0,00	4	0	0	mars 17 2022	10:29:16 AM
Int	16	16	40	1,50	88	2	1,33	66,00	5	0	0	mars 17 2022	10:29:18 AM
Int	16	16	40	17,69	84	4	0,23	371,49	6	2	8	mars 17 2022	10:29:21 AM
Int	16	16	40	27,43	71	20	0,73	97,38	23	0	9	mars 17 2022	10:35:44 AM
Int	16	16	40	2,87	63	3	1,05	60,27	5	0	0	mars 17 2022	10:36:13 AM
Int	16	16	40	1,79	74	2	1,12	66,23	6	0	0	mars 17 2022	10:36:17 AM
Int	16	16	40	20,01	45	8	0,40	112,56	18	0	5	mars 17 2022	10:36:20 AM
Int	16	16	40	7,15	61	4	0,56	109,04	10	0	2	mars 17 2022	10:36:42 AM
Int	16	16	40	10,75	55	4	0,37	147,81	6	0	8	mars 17 2022	10:36:51 AM
Int	16	16	40	9,48	75	3	0,32	237,00	6	0	8	mars 17 2022	10:37:04 AM
Int	16	16	40	31,44	55	20	0,64	86,46	30	0	11	mars 17 2022	10:37:15 AM
Int	16	16	40	0,40	53	0	0,00	0,00	2	0	0	mars 17 2022	10:37:48 AM
Int	16	16	40	37,86	61	20	0,53	115,47	30	0	15	mars 17 2022	10:37:53 AM
Int	16	16	40	1,29	70	1	0,78	90,30	2	0	0	mars 17 2022	10:38:33 AM
Int	16	16	40	6,95	75	3	0,43	173,75	7	0	2	mars 17 2022	10:38:36 AM
Int	16	16	40	66,71	87	35	0,52	165,82	46	8	16	mars 17 2022	10:38:45 AM
Beg	8	8	10	1,40	14	0	0,00	0,00	3	0	0	mars 24 2022	09:04:54 AM
Beg	8	8	10	16,03	8	8	0,50	16,03	14	0	5	mars 24 2022	09:04:57 AM
Beg	8	8	10	20,67	21	16	0,77	27,13	23	0	7	mars 24 2022	09:06:06 AM
Beg	8	8	10	1,55	16	1	0,65	24,80	4	0	0	mars 24 2022	09:06:31 AM
Beg	8	8	10	10,61	13	7	0,66	19,70	12	0	3	mars 24 2022	09:06:34 AM
Beg	8	8	10	0,43	19	1	2,33	8,17	2	0	0	mars 24 2022	09:06:46 AM
Beg	8	8	10	17,39	12	7	0,40	29,81	9	0	9	mars 24 2022	09:06:48 AM
Beg	8	8	10	12,71	16	6	0,47	33,89	15	0	2	mars 24 2022	09:07:07 AM
Beg	8	8	10	6,76	15	2	0,30	50,70	3	0	3	mars 24 2022	09:07:22 AM
Beg	8	8	10	23,15	11	9	0,39	28,29	13	0	11	mars 24 2022	09:07:31 AM
Beg	8	8	10	1,33	17	1	0,75	22,61	2	0	0	mars 24 2022	09:08:10 AM
Beg	8	8	10	2,11	17	2	0,95	17,94	6	0	0	mars 24 2022	09:08:13 AM
Beg	8	8	10	0,38	18	0	0,00	0,00	2	0	0	mars 24 2022	09:08:17 AM
Beg	8	8	10	9,21	24	11	1,19	20,09	12	0	2	mars 24 2022	09:08:18 AM
Beg	8	8	10	2,15	17	1	0,47	36,55	4	0	0	mars 24 2022	09:08:29 AM
Beg	8	8	10	16,46	14	8	0,49	28,81	9	0	7	mars 24 2022	09:08:33 AM
Beg	8	8	10	7,55	8	5	0,66	12,08	8	0	4	mars 24 2022	09:08:57 AM
Beg	8	8	10	1,41	16	0	0,00	0,00	4	0	0	mars 24 2022	09:09:06 AM
Beg	8	8	10	6,14	25	4	0,65	38,38	6	0	0	mars 24 2022	09:09:12 AM
Beg	8	8	10	22,15	14	14	0,63	22,15	20	0	14	mars 24 2022	09:09:46 AM
Beg	8	8	10	0,46	13	0	0,00	0,00	2	0	0	mars 24 2022	09:10:22 AM
Beg	8	8	10	16,69	23	15	0,90	25,59	17	0	4	mars 24 2022	09:10:27 AM
Beg	8	8	10	6,01	14	4	0,67	21,04	5	0	4	mars 24 2022	09:10:45 AM
Beg	8	8	10	7,27	16	6	0,83	19,39	7	0	2	mars 24 2022	09:10:53 AM
Beg	8	8	10	0,50	15	0	0,00	0,00	2	0	0	mars 24 2022	09:11:02 AM
Beg	8	8	10	23,27	12	11	0,47	25,39	14	0	10	mars 24 2022	09:11:06 AM
Beg	8	8	10	10,84	10	6	0,55	18,07	9	0	6	mars 24 2022	09:11:34 AM
Beg	8	8	10	11,16	9	6	0,54	16,74	7	0	4	mars 24 2022	09:11:46 AM
Beg	8	8	10	2,83	16	2	0,71	22,64	4	0	1	mars 24 2022	09:12:01 AM
Beg	8	8	10	1,23	14	1	0,81	17,22	4	0	0	mars 24 2022	09:12:05 AM
Beg	8	8	10	31,05	28	23	0,74	37,80	27	0	8	mars 24 2022	09:12:11 AM
Beg	8	8	10	4,66	25	7	1,50	16,64	11	0	0	mars 24 2022	09:12:47 AM
Beg	8	8	10	5,70	12	2	0,35	34,20	7	0	2	mars 24 2022	09:12:54 AM
Beg	8	8	10	0,75	23	2	2,67	8,63	3	0	0	mars 24 2022	09:13:02 AM
Beg	8	8	10	21,94	26	19	0,87	30,02	28	0	8	mars 24 2022	09:13:05 AM
Beg	8	8	10	17,71	11	6	0,34	32,47	14	1	5	mars 24 2022	09:13:30 AM
Beg	8	8	10	16,44	24	14	0,85	28,18	20	0	4	mars 24 2022	09:13:50 AM
Beg	8	8	10	4,12	16	3	0,73	21,97	7	1	1	mars 24 2022	09:14:08 AM
Beg	8	8	10	3,11	19	3	0,96	19,70	6	0	0	mars 24 2022	09:14:13 AM
Beg	8	8	10	10,77	25	9	0,84	29,92	14	0	6	mars 24 2022	09:14:18 AM
Beg	8	8	10	4,65	12	2	0,43	27,90	5	0	2	mars 24 2022	09:14:30 AM
Beg	8	8	10	24,89	16	16	0,64	24,89	24	0	10	mars 24 2022	09:14:37 AM
Int	16	16	40	0,39	66	0	0,00	0,00	2	0	0	mars 24 2022	09:18:24 AM
Int	16	16	40	5,27	81	4	0,76	106,72	8	0	2	mars 24 2022	09:18:25 AM
Int	16	16	40	53,10	79	33	0,62	127,12	44	1	16	mars 24 2022	09:18:32 AM
Int	16	16	40	48,92	52	25	0,51	101,75	36	1	15	mars 24 2022	09:19:32 AM
Int	16	16	40	33,31	62	14	0,42	147,52	17	3	12	mars 24 2022	09:21:29 AM
Int	16	16	40	34,19	46	13	0,38	120,98	20	1	14	mars 24 2022	09:22:07 AM
Int	16	16	40	8,55	82	7	0,82	100,16	10	0	2	mars 24 2022	09:22:46 AM
Int	16	16	40	32,11	61	14	0,44	139,91	22	5	12	mars 24 2022	09:22:56 AM
Int	16	16	40	34,40	53	10	0,29	182,32	12	8	13	mars 24 2022	09:23:31 AM
Int	16	16	40	0,45	76	1	2,22	34,20	2	0	0	mars 24 2022	09:24:10 AM
Int	16	16	40	11,42	72	9	0,79	91,36	11	0	3	mars 24 2022	09:24:11 AM
Int	16	16	40	40,90	69	22	0,54	128,28	26	8	13	mars 24 2022	09:24:24 AM
Int	16	16	40	2,33	69	0	0,00	0,00	6	0	0	mars 24 2022	09:25:07 AM
Int	16	16	40	0,31	76	0	0,00	0,00	2	0	0	mars 24 2022	09:25:11 AM
Int	16	16	40	2,16	57	3	1,39	41,04	5	0	0	mars 24 2022	09:25:13 AM
Int	16	16	40	60,18	89	25	0,42	214,24	17	30	14	mars 24 2022	09:25:16 AM
Int	16	16	40	25,43	76	8	0,31	241,59	8	5	10	mars 24 2022	09:26:21 AM
Int	16	16	40	4,76	58	4	0,84	69,02	8	0	1	mars 24 2022	09:26:49 AM
Int	16	16	40	13,52	65	7	0,52	125,54	10	2	4	mars 24 2022	09:26:55 AM
Int	16	16	40	12,95	41	6	0,46	88,49	11	0	8	mars 24 2022	09:27:10 AM
Int	16	16	40	18,83	74	12	0,64	116,12	13	2	8	mars 24 2022	09:27:24 AM
Int	16	16	40	4,43	73	3	0,68	107,80	7	0	1	mars 24 2022	09:27:45 AM
Int	16	16	40	5,25	51	2	0,38	133,88	4	0	3	mars 24 2022	09:27:51 AM
Int	16	16	40	11,30	61	7	0,62	98,47	12	0	4	mars 24 2022	09:27:58 AM
Int	16	16	40	1,23	65	1	0,81	79,95	4	0	0	mars 24 2022	09:29:00 AM
Beg	8	8	10	1,52	13	0	0,00	0,00	3	0	0	mars 24 2022	10:10:48 AM
Beg	8	8	10	6,27	8	1	0,16	50,16	5	0	3	mars 24 2022	10:10:51 AM
Beg	8	8	10	3,76	18	2	0,53	33,84	4	0	2	mars 24 2022	10:11:00 AM
Beg	8	8	10	1,23	26	1	0,81	31,98	4	0	0	mars 24 2022	10:11:06 AM
Beg	8	8	10	34,11	12	12	0,35	34,11	14	17	12	mars 24 2022	10:11:08 AM
Beg	8	8	10	0,42	14	0	0,00	0,00	2	0	0	mars 24 2022	10:28:25 AM
Beg	8	8	10	11,20	8	4	0,36	22,40	4	1	5	mars 24 2022	10:28:27 AM
Beg	8	8	10	33,31	23	11	0,33	69,65	11	18	8	mars 24 2022	10:28:43 AM
Beg	8	8	10	4,19	21	3	0,72	29,33	7	0	0	mars 24 2022	10:29:19 AM
Beg	8	8	10	0,77	30	2	2,60	11,55	3	0	0	mars 24 2022	10:29:24 AM
Beg	8	8	10	1,12	18	0	0,00	0,00	4	0	0	mars 24 2022	10:29:26 AM
Beg	8	8	10	19,99	15	9	0,45	33,32	16	14	5	mars 24 2022	10:31:07 AM
Beg	8	8	10	3,98	16	3	0,75	21,23	5	0	3	mars 24 2022	10:33:07 AM
Beg	8	8	10	0,91	22	2	2,20	10,01	3	0	0	mars 24 2022	10:33:15 AM
Beg	8	8	10	0,43	6	0	0,00	0,00	2	0	0	mars 24 2022	10:33:19 AM
Beg	8	8	10	2,57	16	1	0,39	41,12	2	0	2	mars 24 2022	10:33:21 AM
Beg	8	8	10	27,73	12	10	0,36	33,28	4	18	10	mars 24 2022	10:33:25 AM
Beg	8	8	10	0,35	20	0	0,00	0,00	2	0	0	mars 24 2022	10:33:58 AM
Beg	8	8	10	13,62	15	4	0,29	51,08	7	0	4	mars 24 2022	10:34:04 AM
Beg	8	8	10	13,16	14	4	0,30	46,06	8	2	9	mars 24 2022	10:34:31 AM
Beg	8	8	10	23,99	11	11	0,46	23,99	11	12	9	mars 24 2022	10:34:45 AM
Beg	8	8	10	29,35	15	15	0,51	29,35	13	20	14	mars 24 2022	10:35:43 AM
Beg	8	8	10	21,28	11	9	0,42	26,01	15	1	7	mars 24 2022	10:36:54 AM
Beg	8	8	10	28,08	12	12	0,43	28,08	14	24	10	mars 24 2022	10:37:27 AM
Beg	8	8	10	34,19	16	16	0,47	34,19	15	57	10	mars 24 2022	10:38:09 AM
Beg	8	8	10	26,59	14	14	0,53	26,59	16	11	6	mars 24 2022	10:44:39 AM
Beg	8	8	10	4,67	28	4	0,86	32,69	7	0	0	mars 24 2022	10:45:22 AM
Beg	8	8	10	14,69	12	9	0,61	19,59	15	0	7	mars 24 2022	10:45:29 AM
Beg	8	8	10	3,39	14	1	0,29	47,46	2	0	3	mars 24 2022	10:45:46 AM
Beg	8	8	10	3,36	11	2	0,60	18,48	4	0	2	mars 24 2022	10:45:51 AM
Beg	8	8	10	15,46	8	8	0,52	15,46	4	7	10	mars 24 2022	10:45:57 AM
Beg	8	8	10	2,70	31	2	0,74	41,85	3	1	2	mars 24 2022	10:54:38 AM
Beg	8	8	10	4,49	15	2	0,45	33,68	8	0	0	mars 24 2022	10:54:45 AM
Beg	8	8	10	1,03	26	2	1,94	13,39	4	0	0	mars 24 2022	10:54:51 AM
Beg	8	8	10	10,92	18	8	0,73	24,57	13	0	2	mars 24 2022	10:54:53 AM
Beg	8	8	10	23,85	10	10	0,42	23,85	11	2	8	mars 24 2022	10:55:05 AM
Beg	8	8	10	2,30	21	2	0,87	24,15	3	0	1	mars 24 2022	10:55:36 AM
Beg	8	8	10	33,19	21	14	0,42	49,79	8	14	8	mars 24 2022	10:55:40 AM
Beg	8	8	10	30,34	15	15	0,49	30,34	9	24	10	mars 24 2022	10:56:15 AM
